
 minrreq=true  
 0.5     
 0.5     
 0.5     
 0.5      
 0        
 0.5      
 0.5      
 0.5      
 0        
 0.5      
 0.5      
 0.48148  
 0.5      
 1        
 0.5      
 0.5      
 1        
 1        
 0.5      
 0.96296  
 0        
 0        
 0.5      
 0.5      
 1        
 0.9902   
 1        
 1        
 1        
 0        
 0.5      
 0.5      
 1        
 1        
 1        
 0.96     
 0.98809  
 0.98     
 0.5      
 0.5      
 1        
 1        
 1        
 1        
 0.96077  
 0.97014  
 0.5      
 1        
 1        
 1        
 0.98077  
 1        
 1        
 0.96154  
 0.5      
 1        
 0.5      
 0.9902   
 1        
 0.97059  
 0.96774  
 0.95922  
 0        
 0.5      
 0.5      
 0.9902   
 1        
 0.9902   
 0.95098  
 0.97059  

