
 minrreq=false 
 0       
 0       
 0       
 0        
 0.44444  
 0.5      
 1        
 0        
 0.35417  
 0        
 1        
 1        
 0.5      
 0        
 0.5      
 0.5      
 1        
 1        
 0.96296  
 1        
 0.5      
 1        
 0        
 1        
 1        
 0.97917  
 0.96296  
 0.98148  
 0.92593  
 0.5      
 0.5      
 1        
 1        
 1        
 0.9898   
 0.98     
 0.97     
 1        
 0.5      
 0.98148  
 1        
 1        
 1        
 1        
 1        
 0.98077  
 1        
 1        
 1        
 1        
 1        
 1        
 1        
 1        
 0        
 0.5      
 1        
 1        
 1        
 0.96078  
 1        
 0.92172  
 1        
 0.5      
 1        
 1        
 1        
 0.96296  
 0.9902   
 0.91456  

