
 fl=4,minrreq=false 
 0.99375 
 0.975   
 0.975   
 0.95    
 0.9625  
 0.99375 
 0.9875  
 0.96875 
 0.96875 
 1        
 1        
 1        
 0.99375  
 0.99375  
 0.9625   
 1        
 0.94375  
 0.94375  
 0.95     
 0.9875   
 0.9875   
 1        
 1        
 1        
 1        
 0.9625   
 0.98125  
 0.96875  
 0.96875  
 0.95     
 1        
 0.9875   
 1        
 0.9875   
 0.9875   
 0.9625   
 0.96875  
 0.9625   
 0.9375   
 0.99375  
 1        
 1        
 0.975    
 0.9875   
 0.98125  
 0.94375  
 0.99375  
 0.95625  
 0.96875  
 0.9625   
 0.9875   
 0.9875   
 0.99375  
 0.9875   
 0.975    
 0.98125  
 0.9625   
 0.95625  
 0.9625   
 0.99375  
 0.9625   
 0.96875  
 0.99375  
 0.96875  
 0.95     
 0.9625   
 0.96875  
 0.98125  
 0.975    
 0.95625  
 0.98125  
 0.975    
 0.98125  
 0.96875  
 0.9875   
 0.99375  
 0.975    
 0.975    
 0.975    
 0.89375  
 0.93125  
 0.975    
 0.98125  
 0.98125  
 0.98125  
 1        
 0.975    
 0.9625   
 0.9875   
 0.98125  
 0.9375   
 0.9875   
 0.95     
 0.96875  
 0.975    
 0.96875  
 0.98125  
 0.9375   
 0.9625   


 fl=4,minrreq=true  
 1       
 0.99375 
 0.975   
 0.975   
 0.875   
 0.95    
 0.85    
 0.9     
 0.93125 
 1        
 1        
 1        
 0.99375  
 0.9625   
 0.98125  
 0.975    
 0.90625  
 0.95     
 0.85     
 0.99375  
 1        
 1        
 0.975    
 0.99375  
 0.975    
 0.95     
 0.89375  
 0.94375  
 0.91875  
 1        
 1        
 1        
 1        
 0.9625   
 0.975    
 0.95625  
 0.9625   
 1        
 0.9625   
 0.9875   
 0.98125  
 0.9875   
 0.98125  
 0.98125  
 0.9375   
 0.93125  
 0.95625  
 0.9125   
 0.90625  
 0.9625   
 0.95625  
 0.975    
 0.975    
 0.9      
 0.95     
 0.9375   
 0.89375  
 0.86875  
 0.9375   
 0.94375  
 0.98125  
 0.95     
 0.9625   
 0.9375   
 0.95625  
 0.96875  
 0.91875  
 0.875    
 0.925    
 0.93125  
 0.925    
 0.9      
 0.96875  
 0.975    
 0.89375  
 0.9      
 0.95     
 0.925    
 0.925    
 0.9375   
 0.9375   
 0.91875  
 0.9125   
 0.875    
 0.95625  
 0.825    
 0.86875  
 0.80625  
 0.925    
 0.975    
 0.94375  
 0.91875  
 0.925    
 0.8375   
 0.9125   
 0.88125  
 0.9      
 0.85     
 0.83125  


